dataset_name: 'kitti'
camera_params:
  image_height: 375
  image_width: 1242
  fx: 7.215377000000e+02
  fy: 7.215377000000e+02
  cx: 6.095593000000e+02
  cy: 1.728540000000e+02
  png_depth_scale: 1.0
  crop_edge: 0
  depth_filter_near: 0.1
  depth_filter_far: 30.0